[gd_scene load_steps=7 format=3 uid="uid://w5dgd34hh3wr"]

[ext_resource type="PackedScene" uid="uid://cnf65j1vsavti" path="res://scenes/maps/test_map.tscn" id="1_rx46b"]
[ext_resource type="Script" path="res://scenes/main.gd" id="1_vbbpw"]
[ext_resource type="PackedScene" uid="uid://b24j4s1u7ww1k" path="res://scenes/player/player.tscn" id="2_v4j8r"]
[ext_resource type="PackedScene" uid="uid://ieuiir4uuka5" path="res://scenes/ui/crosshair_scene.tscn" id="3_s0mh3"]
[ext_resource type="PackedScene" uid="uid://ca0ysw5vmydwd" path="res://scenes/enemies/enemy.tscn" id="4_c2jpx"]

[sub_resource type="Environment" id="Environment_0f8ma"]
glow_enabled = true
glow_levels/1 = 1.0
glow_levels/2 = 1.0
glow_levels/4 = 1.0
glow_levels/6 = 1.0
glow_levels/7 = 1.0
volumetric_fog_enabled = true
volumetric_fog_density = 0.01

[node name="Main" type="Node"]
script = ExtResource("1_vbbpw")
enemy = ExtResource("4_c2jpx")

[node name="WorldEnvironment" type="WorldEnvironment" parent="."]
environment = SubResource("Environment_0f8ma")

[node name="CanvasLayer" type="CanvasLayer" parent="."]

[node name="Label" type="Label" parent="CanvasLayer"]
offset_right = 40.0
offset_bottom = 23.0
text = "LABas"

[node name="Crosshair" parent="CanvasLayer" instance=ExtResource("3_s0mh3")]

[node name="TestMap" parent="." instance=ExtResource("1_rx46b")]

[node name="Player" parent="." instance=ExtResource("2_v4j8r")]
transform = Transform3D(0.305014, 0, -0.952348, 0, 1, 0, 0.952348, 0, 0.305014, 0, 8.91811, 0)

[node name="DirectionalLight3D" type="DirectionalLight3D" parent="."]
transform = Transform3D(0.545262, 0.731632, 0.40915, -0.657681, 0.0707446, 0.749968, 0.519755, -0.678019, 0.519755, 24.4337, 24.7003, 24.5328)
light_energy = 0.305
light_volumetric_fog_energy = 2.055
shadow_enabled = true

[node name="Timer" type="Timer" parent="."]
wait_time = 3.0
autostart = true

[node name="Projectiles" type="Node3D" parent="." groups=["projectiles"]]

[node name="Souls" type="Node3D" parent="." groups=["souls"]]

[node name="Enemies" type="Node3D" parent="." groups=["enemies"]]

[node name="Enemy" parent="Enemies" instance=ExtResource("4_c2jpx")]
transform = Transform3D(0.970304, 0, -0.241888, 0, 1, 0, 0.241888, 0, 0.970304, 8.69233, 6.80976, -3.92157)

[connection signal="timeout" from="Timer" to="." method="_on_timer_timeout"]
