[gd_scene load_steps=7 format=3 uid="uid://w5dgd34hh3wr"]

[ext_resource type="PackedScene" uid="uid://cnf65j1vsavti" path="res://scenes/maps/test_map.tscn" id="1_rx46b"]
[ext_resource type="Script" path="res://scenes/main.gd" id="1_vbbpw"]
[ext_resource type="PackedScene" uid="uid://b24j4s1u7ww1k" path="res://scenes/player/player.tscn" id="2_v4j8r"]
[ext_resource type="PackedScene" uid="uid://ieuiir4uuka5" path="res://scenes/ui/crosshair_scene.tscn" id="3_s0mh3"]
[ext_resource type="PackedScene" uid="uid://ca0ysw5vmydwd" path="res://scenes/enemies/enemy.tscn" id="4_c2jpx"]

[sub_resource type="Environment" id="Environment_0f8ma"]
volumetric_fog_enabled = true
volumetric_fog_density = 0.01

[node name="Main" type="Node"]
script = ExtResource("1_vbbpw")
enemy = ExtResource("4_c2jpx")

[node name="WorldEnvironment" type="WorldEnvironment" parent="."]
environment = SubResource("Environment_0f8ma")

[node name="TestMap" parent="." instance=ExtResource("1_rx46b")]

[node name="Player" parent="." instance=ExtResource("2_v4j8r")]
transform = Transform3D(0.305014, 0, -0.952348, 0, 1, 0, 0.952348, 0, 0.305014, 0, 8.91811, 0)

[node name="DirectionalLight3D" type="DirectionalLight3D" parent="."]
transform = Transform3D(0.545262, 0.731632, 0.40915, -0.657681, 0.0707446, 0.749968, 0.519755, -0.678019, 0.519755, 24.4337, 24.7003, 24.5328)
shadow_enabled = true

[node name="Crosshair" parent="." instance=ExtResource("3_s0mh3")]

[node name="Enemy" parent="." instance=ExtResource("4_c2jpx")]
transform = Transform3D(0.970304, 0, -0.241888, 0, 1, 0, 0.241888, 0, 0.970304, 14.6953, 6.80976, 7.30185)

[node name="Enemy2" parent="." instance=ExtResource("4_c2jpx")]
transform = Transform3D(0.970304, 0, -0.241888, 0, 1, 0, 0.241888, 0, 0.970304, 5.6953, 6.80976, 7.30185)

[node name="Enemy4" parent="." instance=ExtResource("4_c2jpx")]
transform = Transform3D(0.970304, 0, -0.241888, 0, 1, 0, 0.241888, 0, 0.970304, 5.6953, 6.80976, -8.6545)

[node name="Enemy5" parent="." instance=ExtResource("4_c2jpx")]
transform = Transform3D(0.970304, 0, -0.241888, 0, 1, 0, 0.241888, 0, 0.970304, -12.6685, 6.80976, 7.30185)

[node name="Enemy3" parent="." instance=ExtResource("4_c2jpx")]
transform = Transform3D(0.970304, 0, -0.241888, 0, 1, 0, 0.241888, 0, 0.970304, 14.6953, 6.80976, -1.69815)

[node name="Timer" type="Timer" parent="."]
wait_time = 3.0
autostart = true

[connection signal="timeout" from="Timer" to="." method="_on_timer_timeout"]
